6000
734 6763
168 6153
862 7128
466 6942
267 6582
263 7096
405 6184
267 7120
887 6100
607 6735
174 6608
380 6546
350 6476
2 7059
196 6112
628 7190
501 6072
754 6113
463 7117
444 6240
286 6309
433 6376
284 6205
550 6426
55 6343
860 6778
186 7119
519 6736
114 6306
821 7102
827 6689
586 6164
784 6114
317 6993
652 6696
854 6219
833 6932
774 6817
661 7164
748 6894
538 6731
509 7024
362 6472
599 6106
4 6620
801 6311
301 6910
822 6721
187 6097
751 6033
597 6914
610 6279
735 6602
580 6859
501 7146
881 6757
2 6088
475 6443
291 7156
408 6409
255 6704
412 6838
722 6256
126 6724
505 6494
201 6696
512 6433
783 6091
2 6671
429 6832
548 6289
837 6647
772 6534
92 6353
604 6506
338 6901
860 6104
172 6355
900 6718
17 6711
590 7104
792 6959
710 6528
144 6528
775 6716
211 6183
749 6872
701 7100
395 6750
877 6731
238 6035
78 6006
135 6364
615 6085
490 6896
42 6752
687 7056
566 6958
18 6180
35 6334
81 6376
36 6247
92 6119
587 6891
544 6311
431 6401
605 6629
82 6019
855 6050
156 6005
514 6607
887 6456
264 6836
281 6413
101 6887
559 6189
841 6283
595 6009
575 6167
848 6462
282 6985
700 6443
724 6794
635 6838
316 6196
127 7147
340 6242
403 6998
712 6998
7 6196
198 6656
584 7141
330 6302
792 6613
368 6399
765 6059
795 6173
250 6225
456 6442
826 6597
643 7161
808 6895
177 6769
402 6964
112 6685
402 6666
423 6840
646 6078
449 6920
483 6482
79 6871
384 7131
327 6698
28 7098
664 6795
837 6201
280 7066
895 6552
705 6772
764 6600
103 6674
169 6937
628 6134
413 6719
889 6657
804 7034
297 6088
687 6598
479 6184
626 6767
25 7159
886 6921
862 6958
200 7008
579 6244
337 6796
650 7164
395 6807
443 6482
117 6225
731 6593
243 6131
77 7001
885 6547
111 6111
723 7128
386 6214
523 6239
386 6749
183 6605
728 6488
497 7142
40 6851
382 6029
333 6900
226 6092
651 6401
368 6662
788 6866
221 6940
6 7192
281 6989
304 6350
562 6065
367 6143
188 6040
587 6521
157 6030
450 6896
13 6707
545 7157
668 6984
140 6184
795 6299
302 6092
141 6167
501 6698
539 6118
239 6473
618 6185
482 6941
307 6329
269 7037
591 6558
784 6682
124 7200
524 6860
176 6237
123 6206
292 7002
766 6126
852 6765
663 6030
457 7098
630 6430
503 6749
163 7038
112 6776
358 6174
408 6093
397 6025
295 7021
397 6097
376 6354
175 6892
340 7083
669 6864
630 6198
177 7115
807 6003
754 6550
429 6613
765 6154
496 7100
109 6884
417 7170
610 6933
690 6467
594 6269
597 6976
733 6697
137 6373
238 6378
647 6538
691 6409
245 6055
726 6168
640 6107
168 6378
29 6047
191 6693
188 7062
126 6679
626 6056
219 6583
568 7183
720 7102
697 6225
378 6821
143 6160
172 6064
344 6367
275 7036
512 6758
877 6085
733 6375
475 6843
595 6177
146 6758
861 6724
117 6263
580 6887
453 6049
546 7111
829 6952
190 7041
312 7193
722 6002
664 7146
353 6397
856 6851
342 6269
241 7118
208 6763
889 7066
776 6865
376 7142
56 6640
740 6812
66 7055
410 6380
256 6261
64 7003
316 6378
602 6907
707 6361
320 6445
246 6360
879 6580
865 7099
736 6556
663 6854
655 6731
90 6993
712 6455
547 6337
745 6024
413 6804
100 6830
611 7197
700 6566
310 6322
346 6762
43 6306
647 6439
301 6938
522 6547
867 6922
555 6254
169 6740
853 6904
267 6484
700 7012
29 6390
887 6139
73 6452
447 6388
138 6319
702 6994
451 6913
281 6078
415 6305
308 7047
678 6518
883 6312
548 7071
380 7017
49 6018
344 6520
837 6243
646 6585
620 6151
171 6011
260 7034
11 6862
437 6542
826 6562
809 6886
278 6465
670 6146
56 6784
781 6683
761 6545
400 6641
427 7101
303 6754
789 6192
414 6958
507 6390
446 7113
621 6613
413 6641
362 7034
582 6945
207 6232
565 6629
561 6926
123 6943
888 7065
778 6410
533 6154
592 6188
355 6105
373 7089
600 6650
133 6773
137 7023
679 7042
548 6846
666 6780
692 7012
837 6345
163 6474
358 6453
511 6152
486 6100
226 6551
505 6409
268 6235
155 6647
65 6401
754 6870
623 6996
278 6601
448 6662
757 6957
324 6862
5 6020
166 6477
602 6019
573 6438
312 6713
605 7117
100 6321
349 6286
578 6521
259 6930
212 7060
830 6797
109 6989
336 6795
583 6014
316 6301
773 6239
13 6158
207 6450
172 6555
892 6895
746 6515
575 6028
338 6491
465 7087
881 6133
370 6071
3 7121
545 6967
53 6196
109 6725
572 6473
293 6802
889 6422
153 6890
496 6960
378 6815
198 6289
825 7105
302 6777
328 6273
304 7186
262 6598
209 6057
583 6447
490 6234
25 7066
587 6555
64 6533
521 6348
225 7123
527 6140
371 6033
85 6528
841 7065
598 6032
691 6295
440 7010
383 6442
41 6652
827 6397
837 6084
892 6951
677 7081
372 6240
342 7064
565 6933
266 6440
353 7021
570 6231
485 6556
805 6440
330 6920
440 6605
565 6907
15 6754
705 7001
430 6602
70 6562
587 6718
816 7050
823 6306
654 6007
376 6570
189 6843
326 6542
180 6962
96 7114
733 7038
501 6809
467 6065
34 6499
190 6730
878 6356
148 6821
717 6223
109 6812
781 7091
5 7170
574 7068
328 6114
664 6317
382 7171
631 6125
208 6223
22 6816
519 6692
698 7192
368 7146
129 6891
348 6614
322 6518
449 6462
404 6178
492 6782
503 6598
900 6971
669 6093
515 7174
397 6042
675 6868
880 6121
812 7035
360 6792
212 6159
406 6262
828 6302
419 6650
613 6152
719 6807
793 6643
129 7118
782 7166
468 6245
199 6133
534 6727
139 7156
22 7005
774 7007
32 6091
343 6434
806 6605
874 6980
143 6563
697 7090
730 6795
514 6153
240 6686
171 6243
663 6334
722 6342
547 6639
50 6153
841 6322
194 6697
481 6042
328 6155
364 7033
340 6882
759 6362
114 6835
815 6101
197 6279
521 6750
542 6930
359 6958
337 6770
24 6695
277 6745
696 6306
894 6190
636 6924
318 6961
429 6768
377 7006
587 6214
618 6404
755 7101
249 6599
740 6420
354 7106
38 7168
394 7121
680 6409
373 6509
896 6069
599 6313
613 6777
315 6477
816 6349
737 6961
34 6079
622 6029
277 6011
6 6319
460 7002
249 6540
692 6585
846 6266
388 6092
268 6669
317 6770
829 6129
651 6473
534 7080
586 6421
835 6451
736 6814
147 6262
678 6728
308 6120
434 6632
18 6520
880 6147
573 6582
744 7144
112 7105
678 6641
805 6365
582 6677
139 6200
171 6178
857 6092
119 6202
736 6679
665 6891
554 6585
105 6468
733 7086
575 6901
860 6750
767 6598
267 6817
572 7162
677 6358
895 6181
145 6485
514 6955
814 7060
596 6155
672 6535
352 7021
750 6268
106 6536
614 6198
220 6039
853 6552
501 6812
47 6692
698 6326
99 7012
402 6703
314 6377
660 6601
422 6642
742 7082
665 6048
123 6181
195 6023
496 6187
101 6935
200 6034
798 6972
483 6245
83 6467
633 6668
185 6735
206 6429
825 7130
532 6675
493 6559
150 6782
330 6312
876 6411
758 7075
724 6134
178 6699
307 6333
642 6500
637 6374
283 6470
588 6868
489 6702
636 6934
439 6354
159 6449
72 6499
179 7087
439 6616
376 6631
533 6488
362 7151
449 6808
640 6496
692 6294
110 6345
607 6245
756 6086
22 6795
139 7091
830 6311
244 6971
769 7158
303 6022
508 6664
670 6242
21 6126
537 7040
162 6135
340 6195
430 7052
179 6565
331 6024
697 6459
200 7164
28 6298
659 6450
164 6170
793 6464
858 6569
105 6015
835 6051
450 6557
374 6801
785 7008
654 6047
595 7068
239 6499
747 6726
114 7003
466 6394
267 6885
398 6442
502 6885
552 6584
138 6515
610 7047
466 6979
53 6220
880 6857
567 7002
603 6780
363 6111
711 6042
827 6089
452 6476
870 6109
411 6076
39 6009
719 6164
323 6088
524 6297
223 7190
893 7192
120 6420
692 6128
670 6687
414 6832
374 6620
706 6818
127 6503
394 6984
19 7100
140 6517
487 7125
379 6704
576 6582
559 6789
756 6597
852 7100
381 6605
1 6830
143 7045
92 6421
32 7069
729 6643
219 7081
201 6310
357 6833
528 6858
528 6087
621 6144
385 6907
704 6622
105 6572
124 7127
226 6687
392 6540
215 6981
112 6978
777 6568
672 6166
723 6518
236 6047
760 6738
600 7107
68 7175
726 7036
120 6910
650 6988
350 6338
761 6703
349 6850
669 6961
528 6823
891 7008
113 6998
18 7026
576 6968
108 6601
668 6216
43 6694
657 6957
281 6877
883 6073
575 6744
516 6641
622 6110
572 7181
331 7093
412 6946
289 6229
240 6543
708 6959
360 6933
428 6558
290 6875
298 6589
97 6288
247 6506
245 6914
47 6105
413 6975
576 6667
385 6938
66 6465
474 6016
401 6139
730 6155
673 6262
344 6902
153 6278
28 7187
768 6080
739 7178
459 6043
474 6322
763 7015
399 6693
530 6479
411 6479
320 7163
105 6615
236 7146
248 7057
670 6126
277 6387
143 6136
523 6999
607 6085
447 6417
694 6185
433 6353
371 6683
348 6763
701 7089
202 6901
226 6542
879 6384
869 6537
228 6411
310 6239
325 6884
501 6348
76 6625
199 6022
204 7022
136 6074
492 6471
814 6172
150 6808
508 6921
78 6804
315 6175
287 6611
125 6608
667 6911
598 6082
302 6609
536 6778
657 6183
381 6666
640 6793
240 6265
314 6140
889 6514
643 6406
784 6080
759 6723
501 6040
333 6040
595 6535
530 6358
494 6030
603 6497
231 6203
836 6626
149 6922
102 7081
71 6587
495 6391
87 6598
881 6651
133 6076
461 6731
292 7104
169 6134
516 6807
447 6152
349 6523
40 6973
411 6006
643 7145
790 7053
550 6696
268 6618
599 6497
153 6943
335 6928
330 6504
868 6437
221 6528
267 7111
396 6086
348 7132
272 6226
708 6477
407 6851
880 6102
649 6187
28 6796
144 6045
755 6466
826 6661
289 6669
596 6697
628 6087
44 6239
211 6273
150 6287
192 6076
862 7098
217 6905
392 6283
578 6191
157 6012
765 6094
750 6700
221 6306
867 6129
279 6266
622 6473
589 6393
172 6021
701 6509
534 6295
339 6126
144 6363
358 6873
478 6852
600 6782
75 7081
867 6390
583 6096
458 6665
60 6713
385 6991
41 6223
732 7045
77 6554
322 6594
282 7144
648 7099
561 6669
807 6516
184 7161
576 6041
19 6969
91 6668
207 7120
790 6158
848 6248
43 6275
60 6451
535 6625
421 6183
204 7194
395 6745
645 6411
222 6297
720 6388
239 6383
369 6744
260 6548
45 6135
533 7141
410 6539
32 6323
297 6031
560 6942
43 6663
186 6643
796 6155
756 6355
253 6086
386 6918
369 6431
42 7040
39 6133
663 7123
18 7184
573 6133
872 6230
467 6660
115 6827
829 6119
233 7117
116 6598
595 6447
78 6141
328 6211
106 6669
243 6638
570 6867
578 6886
847 6653
780 6991
220 6858
166 6791
102 6674
605 7151
830 6390
147 6651
344 7177
643 6556
292 6015
490 6684
726 7076
144 6024
38 6673
146 6421
392 6762
785 6924
370 6748
278 7016
240 6309
800 6179
631 6404
827 6699
225 6067
606 6026
564 6833
227 6199
277 6133
93 6791
203 6912
167 6120
68 6371
867 7199
426 6481
530 6240
714 6502
806 6734
77 6024
480 6100
876 7116
158 6851
535 6332
492 6957
720 6424
123 7025
428 6123
297 6808
397 6959
280 6688
101 6851
273 6662
539 6588
416 7065
384 6154
45 6925
633 7037
625 6078
520 7159
303 6261
334 6995
520 6799
550 6647
593 6540
799 6566
823 6614
479 7193
159 6787
328 6159
375 6940
212 6147
660 6351
859 6301
682 6242
407 6171
677 6953
592 6224
482 6873
17 6510
773 6782
247 6897
544 6122
619 7052
135 6591
449 6072
537 6079
123 6665
832 6258
139 6276
653 6696
394 7070
331 6975
757 7079
523 6295
344 7079
794 6228
372 6583
242 6244
421 6723
755 6418
657 6878
444 6186
92 7015
493 6862
84 6922
710 7016
82 6106
179 6672
382 6958
477 6097
860 7066
441 6247
764 6816
731 6028
626 7174
230 6884
137 6889
383 6788
765 6882
15 6250
427 7064
708 7193
286 6103
270 6660
779 6655
186 6798
96 6032
264 6911
232 6916
174 6314
850 6253
608 7036
160 6146
857 6167
194 6532
130 6576
860 6421
517 6709
120 6299
849 6259
847 6290
816 6471
329 6144
849 7092
250 7100
183 6421
812 7089
369 6563
691 6416
788 6985
177 6436
538 6934
830 6538
793 6930
644 6976
63 6725
346 6413
842 7108
338 6082
643 6302
410 6911
50 6262
9 7017
890 6257
182 6763
743 6963
279 6619
439 6517
277 6990
566 6409
691 6862
387 6081
226 6634
592 6221
480 6575
661 6452
796 6422
388 6165
44 6622
549 6910
112 6411
74 7005
378 6207
498 7092
330 6777
557 6418
669 6827
35 7056
124 6624
774 6442
151 6990
685 6495
551 6232
19 6314
294 6695
255 7186
81 6313
149 6670
822 6746
509 6093
645 6067
598 6517
189 7121
646 6651
175 6120
512 6290
486 6711
894 6583
171 7101
684 6477
443 6844
416 6484
18 6284
180 6304
303 7124
137 6758
797 6949
737 6586
808 6439
128 6663
429 6681
414 7103
230 6162
232 6772
849 6621
207 6277
850 6885
41 6973
671 6301
535 6937
684 7171
675 6697
855 7046
707 6088
421 6822
757 6399
734 7163
568 6471
234 6152
211 7022
97 6241
761 6956
179 6747
868 6293
47 6131
858 7154
169 6465
417 6284
847 6270
86 6744
629 6917
669 6634
491 6118
746 7107
23 6960
575 6828
786 7008
232 6008
104 6837
703 6420
43 6342
313 7059
339 6630
189 6536
351 6166
104 7090
844 6956
772 6943
860 7059
201 6506
696 6115
364 6055
677 6994
326 6050
638 6571
816 6834
182 6558
613 6243
178 7096
149 6900
178 6405
403 6254
581 6179
534 6807
424 7193
403 6822
594 6056
286 6407
557 7104
425 6881
636 6214
713 7015
277 6004
248 6284
81 6209
287 6634
522 6819
313 6644
564 7171
191 7178
592 6656
301 6189
328 6567
549 7188
767 6833
867 6591
892 6972
93 7082
796 6095
464 7044
181 6761
294 6192
108 6937
809 6827
394 6995
379 6608
195 6945
900 7032
655 6344
289 6774
174 6205
567 7186
874 7032
692 7156
898 6007
551 6308
753 6950
58 7135
279 6814
14 6253
675 6891
867 7152
154 6019
146 6927
103 7060
515 6308
103 6509
456 7027
359 6623
309 6797
235 6549
183 6612
746 6290
30 6959
172 7034
770 6992
886 6916
717 6340
284 6430
705 6906
207 6066
793 6840
202 6791
620 6730
862 6923
746 6765
385 6752
882 6011
315 7172
900 6296
846 6774
200 6269
448 6597
131 6498
486 6827
423 6849
276 6458
29 6552
242 7094
418 6127
609 6083
30 6891
141 6080
422 6851
457 6565
319 6049
786 6009
840 6059
357 6678
771 6627
456 6753
66 6027
661 7013
553 6301
651 7055
366 6106
829 6336
761 7009
430 6558
390 6258
676 7180
103 6292
31 6907
246 6628
444 6448
203 6463
177 7112
245 6161
19 7082
271 6575
19 6940
624 7138
896 6057
868 6757
130 6401
53 6849
415 6945
136 6631
382 6164
486 6158
153 6970
685 6109
125 6937
152 6795
13 6129
677 6101
819 6244
504 6784
654 6134
845 6608
45 6657
1 7128
695 6028
335 6947
327 6637
80 6018
833 6188
215 7143
166 6986
299 6225
652 6963
273 7113
622 7120
230 6524
91 6367
853 6938
204 6134
97 6847
839 6278
646 6288
113 6813
260 6232
8 6591
584 6243
857 6886
678 7131
780 6039
454 6673
718 6518
447 6958
198 7133
184 6363
391 6569
461 6718
316 6422
682 6005
809 6172
879 6408
9 7178
219 6922
145 6050
229 6048
284 6853
152 6454
723 7184
9 7070
311 6055
331 6362
349 6625
857 7132
497 6228
292 6252
210 7123
899 6010
573 7061
610 6500
800 6824
808 7034
57 6549
459 6560
10 6390
525 6068
239 6965
116 7024
110 7063
733 6306
731 6681
582 6155
369 6137
401 6485
311 6297
248 7096
318 6815
723 6159
234 7184
371 6534
243 6271
384 6807
630 6144
564 6405
200 6402
653 6376
306 6940
565 6507
25 6679
418 6370
844 7084
889 7136
84 7024
462 6920
524 6221
348 6658
509 6723
888 6368
639 6079
564 6897
364 6090
130 7126
617 6645
718 6340
47 6739
192 6185
131 6937
721 6514
10 6945
893 6764
42 7141
514 6378
553 6234
859 6583
631 6506
835 6828
477 6903
690 6900
300 6845
116 6253
691 7143
821 6306
573 6245
664 7159
827 6972
605 6693
13 6431
861 7079
610 6492
231 6836
9 6906
532 6365
165 6450
478 6857
632 7035
362 6752
4 6571
711 7061
10 6810
771 6839
159 6089
896 6825
864 6691
145 7185
141 6210
58 7198
286 6134
73 6142
448 7026
555 6910
865 6455
66 6307
290 6533
492 6697
557 6479
60 6458
256 6942
51 6401
468 6201
222 6688
693 6564
871 6126
745 6294
641 6597
671 6095
559 6827
722 6122
199 6431
746 6303
803 7015
671 6076
448 6088
624 6709
171 6549
605 6218
281 7147
543 6488
553 7101
447 6099
56 6139
834 6546
184 6328
768 6699
865 6236
324 6048
700 6903
547 6906
120 6072
323 6326
870 6781
90 6909
440 6427
55 6280
70 6449
192 6675
97 6680
160 6162
400 6285
811 6194
32 6770
268 6465
190 6401
322 6048
522 7123
542 6055
878 6097
52 6522
852 6265
248 6667
601 6722
719 6225
614 6531
534 6855
597 6225
762 6791
404 6488
676 6473
563 6237
807 7062
436 6257
424 7058
610 6216
658 7114
802 7195
138 6138
310 6826
376 6098
422 7046
527 6266
214 6094
841 6355
381 6344
343 6160
254 7091
587 6885
840 6394
671 7054
126 6411
13 6788
341 6793
95 6572
441 6447
521 6752
498 6711
104 6898
134 6890
145 6093
563 6264
147 6238
451 6826
722 6532
416 6854
508 6596
437 6274
168 6256
84 6237
76 6681
654 6331
279 6626
620 6783
416 6711
395 7166
574 6494
314 6177
396 6748
186 6667
575 7131
206 6396
517 6491
237 6917
376 6247
313 6237
536 6537
661 6340
889 7136
765 6022
776 6865
880 6162
571 7052
134 7115
420 6593
548 6782
554 6787
20 6917
706 6779
601 6540
401 6864
275 6946
413 6373
719 6755
661 7043
777 7059
620 6281
789 7133
485 6081
351 6877
36 6038
631 6635
641 6115
269 6713
470 6093
121 6158
846 6019
149 6484
775 6116
602 6047
711 6786
533 6992
571 6070
806 6361
808 6165
98 6305
827 6705
320 7033
221 6211
825 7120
66 7095
469 7013
87 6808
149 6939
811 6591
99 6706
132 7014
103 7059
682 6577
727 6908
335 7039
297 6605
690 6684
248 6146
261 6347
896 6242
38 7076
301 6327
778 6536
150 7071
569 6380
319 6738
124 7189
328 6565
392 7105
33 6527
338 6711
146 6954
720 6623
157 6524
191 7108
622 6886
153 6985
658 6445
108 6586
796 6375
752 6997
212 6040
190 6153
281 6286
698 7118
586 6522
230 6437
835 6432
331 6864
213 7072
323 6421
339 6230
507 7104
422 6798
244 6151
63 6285
21 6050
584 6492
879 6922
333 6534
755 6144
131 6948
631 6385
358 7159
331 6345
590 6182
542 6663
619 6888
750 6304
698 6404
260 6470
92 6935
595 6105
285 6598
878 6158
519 6324
744 6272
228 6519
300 6932
338 6086
385 6834
86 6165
672 6817
798 6309
487 6289
271 6165
400 6495
721 6798
319 6660
553 6477
248 6271
377 6242
232 6149
854 6297
638 6902
262 6070
813 6657
739 6887
844 7179
244 6180
885 6156
307 6474
889 6586
23 7113
556 6074
302 6571
624 7012
6 7142
181 6055
399 6099
652 6061
20 6639
626 6336
511 6962
231 6957
158 6527
365 6264
24 6571
419 6752
70 6162
299 6100
466 7174
883 6678
806 7017
240 6063
173 6061
559 6323
635 6489
597 6454
441 6431
644 7040
338 6172
342 6765
652 6656
893 6376
799 6191
96 6985
760 6599
209 6812
76 6627
719 6772
62 7006
146 6111
423 6620
681 6460
517 6582
604 6491
86 6981
18 6308
573 6609
188 6890
212 6217
618 7105
380 6982
589 7134
550 6635
250 6078
540 6112
246 6730
104 7200
99 6057
411 6527
574 6518
328 6752
685 6836
549 6901
87 7167
111 6728
862 6565
538 6906
392 6740
655 6779
820 6006
862 6505
527 6923
430 7100
158 6581
543 6161
19 6410
798 6053
364 6853
826 6853
147 6926
894 6548
479 7195
698 6749
585 7143
856 6425
778 6707
828 6738
268 6650
181 6665
655 7129
485 6070
551 6398
154 6558
63 6591
431 6377
599 7199
663 6804
882 6926
336 6933
685 6830
747 7150
28 6925
125 6611
654 6447
377 6607
282 6123
353 6420
449 6826
362 7073
13 6811
408 6265
184 7195
781 6962
170 6243
412 6075
475 6898
653 6930
397 6572
255 6612
108 6131
762 6806
882 6485
315 6404
673 6215
145 6680
39 7137
381 6701
446 6233
679 6484
536 6164
834 6071
416 6794
70 6876
401 6281
601 7085
267 6925
417 6213
128 6495
755 6461
284 6699
263 6025
620 6983
558 6252
372 6145
355 7043
327 6200
827 7009
743 6638
123 6342
521 7019
27 6389
702 6101
456 6086
479 6528
638 6057
490 6289
239 6493
29 6295
831 6208
854 6475
736 6711
552 6023
197 6992
366 6198
166 7078
53 6043
150 6341
394 6676
721 6479
388 7120
410 6638
67 6974
367 6603
794 6280
204 6975
598 6144
450 6232
707 6570
565 6381
462 7019
692 6773
256 6208
632 7141
267 6609
58 6889
762 6471
736 6374
101 6156
766 6717
698 6738
65 6882
741 6119
121 6349
779 7000
4 6688
25 6324
590 6987
143 6194
250 6909
80 6372
541 6812
670 6174
861 6887
887 6978
892 6825
553 7166
219 6608
402 6377
445 6879
881 6073
32 6977
851 7081
211 6416
485 6313
736 6389
269 6550
712 6848
368 7148
79 6249
323 6601
234 7192
560 6755
684 6323
435 6541
310 6342
512 6406
587 7000
543 6370
510 6891
747 6670
399 6004
147 7102
745 7036
767 7145
768 6726
217 6823
274 6786
675 6890
593 6145
572 6811
641 6858
401 6614
552 6461
614 6648
841 6182
313 6696
297 6771
30 6068
147 6681
775 6942
487 6197
887 6327
33 6143
281 6617
235 6883
650 7131
592 6387
295 7137
294 6951
348 6419
219 6759
694 6255
439 6154
9 6769
421 6928
654 6177
776 6461
50 6302
527 6902
115 6714
604 6529
281 7094
784 6856
639 6912
195 6047
236 7161
228 6663
91 6668
518 7009
649 6364
773 6054
621 6685
158 6407
441 6486
841 6641
341 6549
418 6163
284 6867
806 6963
161 6970
522 7181
14 6868
684 6141
795 6918
237 6608
490 6461
438 6310
655 7127
75 6443
761 7094
621 6438
346 7120
407 7185
684 6362
276 6410
84 6471
287 6169
55 6875
2 6739
354 6885
251 6510
711 6012
852 6983
322 7161
14 6929
721 6982
449 6910
338 6821
785 6514
216 7172
812 6566
653 7135
886 6715
507 6599
397 6207
410 6610
534 7029
632 6850
415 6528
746 6970
579 6976
171 6591
771 6641
322 6139
179 6655
53 7032
296 6207
639 6411
331 6842
557 6031
878 6267
189 7027
169 6395
782 6214
95 7002
844 6435
422 6753
539 6200
801 6054
222 6923
501 6736
610 6190
614 6508
535 6242
450 6559
70 6843
326 6509
515 6467
460 7129
729 6257
688 6669
720 7163
211 6013
290 6105
682 6775
453 6284
443 6301
76 6671
244 6151
424 7069
751 6098
445 6851
517 6894
497 6919
391 6535
716 6746
363 6561
437 6122
667 6761
364 6442
221 7098
656 6294
181 6782
15 6546
236 6118
351 6722
426 6939
731 6384
395 6549
839 6105
62 6204
724 6921
878 6878
715 6712
352 6256
208 6996
732 6056
594 6785
107 6330
294 6863
769 6930
279 6700
152 7186
408 7177
1 6444
364 6704
689 6018
713 6038
466 6059
68 6590
583 6313
643 6095
654 6649
688 6822
93 6651
25 6015
787 6243
133 6720
83 6094
203 6550
509 6713
24 6293
268 6271
377 7162
420 6977
362 6611
724 6027
832 6977
627 6981
786 6092
63 6903
594 6840
2 6048
125 6104
224 6105
212 6832
225 7029
693 6942
447 6284
91 6636
834 6312
889 7055
356 7119
576 6260
423 6627
819 6748
853 6295
90 6389
490 7043
426 6363
264 6649
513 6126
387 6968
132 6918
22 6625
697 6084
366 6744
698 7067
541 6093
187 6207
214 6364
515 6301
651 7026
148 6155
759 6226
65 6305
473 6471
547 6520
469 6842
568 6210
705 6053
484 6139
442 6057
64 7150
189 6509
80 6058
204 6873
259 6759
562 6082
6 6644
617 6966
893 6931
237 6842
273 6343
137 6034
175 6812
89 6146
11 6344
520 6002
84 7136
795 6343
79 7198
629 6703
559 6690
432 6029
644 6439
272 6167
387 6072
55 6316
116 6802
197 7161
525 6635
316 6766
311 6723
455 6573
546 6922
266 7026
317 6690
858 7177
410 6295
366 6428
119 7004
661 6173
646 6152
846 6899
79 6449
380 7112
411 6327
680 6530
227 7044
135 6928
461 6195
328 6712
334 6143
657 6382
37 6861
645 6519
723 6412
622 6927
295 6523
108 6120
304 6349
654 7013
385 6425
851 7142
140 6452
748 6596
766 6739
56 6367
141 6443
891 6277
320 6044
167 6502
227 6814
92 6710
782 6970
624 6627
875 6108
119 6888
386 6232
23 7025
205 6506
445 6576
188 6066
870 6352
59 6288
329 6327
625 6925
382 6257
640 6506
676 6842
78 6332
690 6220
181 7017
239 6939
315 6508
630 6589
887 6575
848 6206
76 7017
642 7074
347 6886
265 6364
651 6647
417 6255
677 6297
204 7075
780 6282
86 6251
722 6137
710 6164
359 6878
130 6928
422 6138
172 6292
306 6959
528 6767
510 6691
65 6124
12 6946
884 7017
631 7106
714 6233
739 6251
772 6727
69 7014
196 6237
667 6292
858 7059
789 6819
102 6907
509 6189
428 6845
688 7137
555 6911
453 6390
278 6887
733 6829
469 6644
468 6199
260 6409
767 6567
625 6060
242 7001
498 6318
105 7122
552 6731
441 7098
130 6277
264 7000
265 7068
37 6572
709 7025
788 6611
136 6571
234 6982
410 6410
104 6996
357 7113
545 7074
386 6393
761 6864
203 6380
515 7070
866 6655
895 6734
86 6972
757 7115
736 6783
8 6603
377 6215
594 6017
230 6127
870 6278
484 6542
828 6217
806 6060
794 6068
835 6838
735 6321
852 6387
576 6173
246 6807
24 7068
199 6392
448 6605
123 6144
631 6415
745 6947
604 6004
167 6098
466 6693
254 6446
307 6439
129 6592
860 6428
688 6601
148 6828
800 6389
611 7110
422 6678
300 6994
302 7198
87 6649
125 6045
544 6039
28 6332
228 6863
714 6600
817 6927
827 6435
611 7190
823 7080
554 6356
774 6174
545 6513
777 6111
766 7056
442 6889
255 6085
563 7108
275 7093
357 6133
801 6077
214 6722
711 7158
675 7159
364 6343
283 6825
715 6956
491 6617
147 7013
321 6988
855 6194
267 6792
225 6653
828 6385
384 6760
776 7061
502 6522
802 6500
119 6772
147 6964
781 7144
318 6260
390 6508
103 6048
25 6539
288 6388
750 7149
473 6725
641 6745
106 6540
867 6072
207 6980
634 6571
39 6310
374 6351
285 6450
157 6816
18 6225
712 7068
367 6297
746 6314
331 6881
405 6411
480 6774
838 6111
667 6957
66 6443
300 6985
294 6330
567 6943
422 7057
195 6952
302 6807
329 7048
257 6373
433 6429
303 6058
319 6185
452 6115
148 6291
277 6233
862 6875
555 6363
245 6413
502 6798
379 6648
579 6097
819 6112
657 6230
78 6144
772 7070
386 6516
207 6852
702 6309
728 7037
597 6006
874 6718
158 6784
186 6735
857 6537
233 6271
752 6857
404 6888
428 6272
49 6756
436 6146
346 6848
178 6997
867 7071
514 6445
313 6738
484 7110
536 6503
737 6562
720 6640
652 6962
755 6070
108 6458
830 6125
190 6913
131 6617
829 7142
442 6545
326 6282
810 6083
801 6473
190 6217
827 6634
159 6251
166 6506
257 6101
182 6003
393 7114
321 6323
561 6984
445 6682
346 6878
364 7140
665 6475
476 6649
325 6921
497 6593
588 6955
512 6315
68 6690
689 6399
436 6358
359 7139
131 6147
778 7180
776 6482
93 6069
263 7193
861 6500
190 6598
678 6683
888 6312
344 6956
38 6574
457 6689
875 6773
470 6347
873 6923
531 6185
872 6809
18 6572
631 6817
234 6392
637 6917
756 7102
670 6248
110 6167
334 6408
608 6371
81 6412
348 6164
615 7082
221 6404
22 6125
78 7166
781 6437
727 6700
819 6431
36 6381
385 6759
705 6345
465 7179
318 6727
388 6194
132 6094
600 6716
63 7115
517 6796
502 6116
812 6467
744 7002
478 6495
240 6948
376 6644
131 6793
347 6297
640 6382
738 6646
13 6018
33 6013
308 6405
316 6279
88 6192
664 7184
657 7009
514 6966
705 6389
174 7037
241 6924
77 6119
283 6263
750 6930
13 6453
97 6258
638 7135
342 6369
412 6704
793 6772
202 6041
897 6448
410 6500
670 6380
173 6391
205 6985
298 6651
107 6400
289 6926
883 6058
825 6118
324 6630
235 7079
178 6630
836 6806
98 6107
585 6719
484 6915
69 6660
432 6352
89 6503
296 6986
359 6475
385 6007
711 6485
689 6138
790 6088
804 6090
147 6082
330 6325
552 6753
43 7013
181 6714
780 6641
691 6843
325 6695
359 6767
131 6649
588 6226
280 7173
510 6150
605 6825
705 6197
336 7143
646 6215
809 7077
16 6999
582 7161
133 7185
197 6611
846 6991
281 6139
557 6485
49 6012
833 6057
328 6609
847 6663
454 6368
151 6595
886 6308
72 7056
852 6703
800 7025
336 6735
188 6430
708 6304
592 6633
171 6291
121 6434
883 6573
422 6904
308 6403
580 6272
553 6773
190 6187
598 6313
29 6611
351 7049
193 6726
40 6959
119 6711
809 6560
363 6817
12 6103
857 6093
152 6292
536 7158
105 7188
403 7195
810 6882
100 6133
789 6398
721 7129
589 6990
893 6688
732 6210
799 6965
715 6348
445 6879
87 7135
99 6144
737 6424
197 7197
114 6843
671 7119
888 6527
107 6808
219 7116
216 7162
807 6195
253 6981
160 7135
636 6032
71 7099
272 6938
129 6532
85 6705
242 6353
118 6051
836 6224
339 6499
575 6066
821 6414
615 7098
419 6094
204 6626
710 6894
145 6398
770 6352
445 6437
30 6972
669 6078
382 7065
690 6087
124 7137
378 7132
565 6896
316 7125
733 7165
453 6016
728 6349
437 6610
210 6771
483 6040
370 7036
92 6115
650 7003
52 6467
222 6416
302 6803
254 6991
21 6213
736 6174
515 6319
883 6334
279 6791
576 6654
381 6667
519 6076
541 6644
474 6734
92 6748
580 6816
694 6013
505 6718
285 7164
763 6437
656 7158
436 6165
432 7161
726 6777
779 6454
164 6570
877 7110
383 6625
896 6507
151 6396
54 6344
816 6243
286 6099
363 6235
335 7002
693 7082
212 6468
385 6204
881 6858
836 6038
413 6581
418 6665
885 7017
36 6953
631 6803
670 6975
406 6575
606 6171
757 6558
760 7102
846 6773
731 6791
893 6857
599 6364
841 6842
732 6412
118 6461
540 6307
388 6559
785 7117
571 6886
629 6462
799 6506
478 6242
782 6133
156 6656
696 7094
676 6980
710 7084
798 6622
474 6945
150 6085
33 6789
88 6335
394 6333
594 7125
579 6219
830 7187
314 6832
808 6878
738 6912
315 6937
321 6149
218 6617
848 6854
694 6856
436 6792
843 7159
811 7077
824 6391
605 6269
671 6473
296 6411
304 6676
814 6474
224 6696
244 6759
129 6289
650 6440
856 6558
466 6077
236 6578
77 6534
277 6155
672 6582
243 6753
842 6454
476 6177
734 6317
79 6699
728 6447
66 6760
129 7155
526 6192
35 6841
174 6411
97 6715
138 6310
462 6020
637 6185
883 7167
169 6870
688 6673
749 6004
512 7033
886 6990
736 6631
826 6422
792 7019
831 6829
19 6015
636 6103
48 6040
577 6106
822 6456
519 7176
813 7112
494 6558
745 6869
482 6876
358 6072
55 7189
45 6698
145 6089
610 6119
234 7186
266 6755
258 7083
200 7066
534 6856
506 6348
372 6977
341 6473
774 6641
309 7050
479 7167
574 6321
345 6474
319 6017
9 6586
231 6368
457 6885
770 6379
136 6319
740 6187
451 6022
793 7128
326 6525
720 7083
65 6374
765 7016
328 6406
333 6444
784 7156
812 6515
292 7025
610 6653
590 6287
8 6705
519 7099
365 7011
70 6333
381 6786
527 7074
810 7189
155 6119
757 6264
733 6840
186 6321
596 6282
201 6584
712 6470
312 7078
87 6951
23 6109
29 7031
779 6616
265 6724
58 6980
801 7065
310 6448
532 6506
852 6385
447 6335
455 6873
306 6341
157 6809
471 6241
540 6756
434 6279
73 6262
615 6906
721 6068
146 6501
41 6758
294 6825
128 7027
348 6136
107 6731
604 6113
136 7003
836 6221
137 6637
455 6874
639 6110
85 6837
646 6132
434 6541
180 6639
284 6166
834 6430
696 6172
581 6774
55 6376
769 6815
21 6615
170 6288
443 6377
260 6508
830 6728
629 6508
755 6666
351 6143
228 7000
843 6111
751 6032
364 6838
317 6904
657 6513
137 6004
179 6580
267 6665
333 6350
647 7075
764 6926
379 6612
633 6566
796 7038
292 6688
387 6339
779 6350
750 6411
120 7045
12 6342
551 6349
211 7026
832 6594
752 6879
544 6527
669 7009
49 6524
434 6358
19 6309
24 6633
224 6750
285 6630
124 6195
51 6687
609 6916
689 6094
768 6593
455 6923
849 6658
778 6721
296 6731
495 6716
36 6494
7 6950
796 7073
251 6531
764 6673
744 6665
793 6999
825 6611
500 6474
568 6520
484 6741
755 6311
274 6363
556 7078
656 6984
843 6732
805 6154
862 6924
576 6240
661 6515
483 6033
467 7123
306 6257
736 7041
16 6735
621 7099
286 6594
821 6542
706 6197
882 6023
465 6960
495 6665
759 6922
643 6703
714 7036
430 6274
778 7063
173 6237
624 7113
752 6799
774 6748
32 6800
130 6703
399 6104
105 6809
231 6380
670 7003
69 6859
391 7141
646 6664
175 6332
238 7064
672 7162
800 6527
783 6551
74 6550
178 6919
205 6208
117 6260
368 6156
688 6510
365 6397
728 6639
580 7193
152 6883
379 6671
726 6744
429 6445
174 6019
63 6497
290 6372
796 6958
459 6250
756 6960
655 6970
535 6660
295 6172
27 6770
567 6806
539 7084
251 6381
834 7004
680 6201
479 7049
152 6521
598 6538
598 6183
383 6190
170 6941
85 6219
455 6952
46 6182
122 6827
673 6386
790 6519
496 6220
488 7130
151 6135
785 7174
429 6707
1 6916
185 6164
726 6072
464 7120
890 6183
409 7096
706 7030
572 6986
423 6340
211 6215
509 6571
294 6689
418 7187
123 6551
868 7080
553 6388
102 6444
256 6405
575 6240
201 6154
684 6128
190 7022
571 6012
789 6714
477 6798
529 6983
742 6201
545 6419
253 6334
752 6262
125 7045
425 6501
262 6346
292 7046
149 6262
19 6069
847 6224
442 6150
219 6883
469 6973
254 6386
500 6699
478 6889
257 6569
167 6453
828 6362
433 6647
383 6251
414 6085
887 6623
127 6194
579 7049
428 6352
427 6520
657 6738
316 6138
179 6950
642 6362
820 6899
106 6540
85 6816
785 6700
336 6133
597 7153
777 6022
154 6295
394 6669
772 6973
235 7111
323 6620
707 6850
2 6458
103 6532
792 6190
106 6736
800 6468
430 7125
745 6243
321 6136
405 7022
632 7043
185 6440
445 6398
421 6299
95 7037
356 7098
722 6106
827 6949
166 6468
103 7085
748 6183
380 6857
639 6510
674 6681
285 6295
409 6809
447 6134
793 6552
45 6973
284 6681
532 6491
604 6249
304 6466
196 6899
634 7053
805 6672
435 6337
516 6083
851 6931
390 6420
596 6362
544 7003
117 6071
164 7184
737 7059
248 6080
560 6359
90 7027
589 7042
207 7163
829 7078
684 6127
231 6836
581 6490
220 6906
824 6221
129 6570
42 6796
358 6460
344 6072
570 6071
233 6792
376 6396
221 7166
524 6051
293 6935
363 6234
70 6114
567 7066
144 7093
562 7149
260 7164
32 6158
703 6948
579 6703
851 6072
599 6497
27 6585
879 6143
619 6659
798 6892
655 6877
773 6398
413 6881
56 6059
275 6077
14 6771
225 6585
166 6414
391 6090
680 6728
195 6759
21 6041
146 6458
183 6410
791 6281
402 7173
787 6454
854 6748
839 6131
481 6285
607 6794
640 7077
501 7036
495 6802
602 6824
480 6157
127 6830
140 6216
278 6853
864 6596
789 7130
273 6183
55 6138
755 6156
162 6321
131 6634
109 6404
127 6762
183 6956
554 6435
368 6852
496 6344
651 6501
399 6981
103 6544
19 6166
717 6556
387 6553
186 6864
788 6420
477 6259
505 6202
480 6498
584 6890
548 6675
760 6296
349 7015
264 7136
718 6308
550 6473
437 6244
104 7143
159 7128
823 7059
75 6978
816 6734
292 7009
876 6963
383 6542
479 6381
754 6567
528 6922
705 6025
179 6606
398 6739
287 6170
328 6201
834 6079
552 6102
742 6958
248 6022
664 6353
867 6083
824 6207
152 7102
570 6252
178 6768
523 6287
196 6194
557 6857
138 6202
876 6002
656 6198
209 6422
274 6222
839 6448
400 7045
279 6262
242 6752
32 6597
314 7179
640 6014
376 6632
409 6449
315 6969
243 6553
806 6192
89 6105
2 6661
895 6149
294 6216
319 6308
219 6999
430 6772
109 7170
496 6110
897 7149
263 6907
257 6662
729 6808
416 6407
537 6086
51 6958
875 6262
208 6076
606 6995
324 6331
493 6127
529 7172
249 7155
372 6911
186 6801
897 7019
900 6732
7 6017
331 6507
93 6996
694 7113
399 6300
721 6465
452 6340
618 6792
497 6672
282 6907
754 6819
219 6379
619 6704
607 6870
406 7071
574 6952
31 7042
541 6738
32 6328
463 6745
831 6306
656 6354
676 6117
900 7133
423 6559
877 6991
514 6669
416 6709
655 6028
510 6661
816 6751
461 6423
50 7137
84 6501
587 6699
84 6863
543 6152
584 6145
122 6006
439 6441
464 6368
547 6772
197 6986
142 6600
130 7085
585 6263
851 6612
267 6098
367 6886
535 6476
12 6341
615 6001
544 6261
348 6167
65 6513
884 6996
295 6059
200 6384
755 6738
454 6604
181 7129
360 6243
3 7110
514 6256
397 7192
336 7088
361 6621
379 6361
460 6450
265 6028
340 6844
39 6711
543 6647
315 6173
840 6093
167 6138
893 6233
408 6914
825 6669
254 6873
510 6881
39 6473
281 6412
886 6239
300 6119
58 6374
857 7040
167 6425
418 6333
617 6499
37 7059
218 6441
28 7189
709 7130
539 6384
260 6518
553 7031
873 6109
292 6890
869 6953
289 7020
128 7039
451 6117
221 6770
407 6405
33 6265
660 6843
406 6049
272 7013
78 6229
166 6153
731 6590
426 6371
202 6758
210 6463
819 7025
498 7161
447 6862
526 6323
708 6042
518 6903
336 6983
558 6894
117 7163
719 6737
176 6891
391 6878
889 6713
40 7084
33 6987
47 6114
85 6799
314 6166
762 7196
882 6578
665 6666
239 6987
169 6213
148 6628
827 6974
519 6512
638 6738
332 6328
811 6575
261 6876
514 6581
51 6461
674 6313
79 6282
557 6736
123 6169
316 6057
706 6137
449 6060
572 7029
537 7170
263 7179
837 7108
739 6878
703 6761
164 6170
303 6362
502 7190
383 6137
676 6574
197 7058
445 7057
8 6032
39 6920
436 6338
880 6953
643 6368
799 6762
820 7049
262 6938
157 6078
513 6541
857 6805
444 6326
731 6902
341 7162
682 6714
516 7138
581 6262
174 6321
597 6242
479 7191
456 6942
451 7109
44 6183
83 7122
525 6999
817 7118
551 6091
589 7061
663 6633
226 6086
455 6305
100 6708
464 6851
195 6348
768 6177
648 6040
885 6535
295 6516
605 6184
349 6847
582 6891
798 6053
559 6214
46 6858
515 6281
63 6233
765 7006
794 6702
745 6495
834 6193
235 6025
329 6596
793 6176
723 7102
38 6899
504 6266
292 6514
601 6345
565 6413
489 7151
746 6494
168 6653
835 6969
92 6394
835 6355
340 6567
715 6881
129 6963
601 6131
707 6141
155 7089
64 7000
480 6692
178 6420
562 6504
191 6410
304 6880
173 7176
730 6763
392 6622
435 6550
611 6104
107 6818
156 6077
689 6087
703 6487
174 6457
869 6612
826 6010
106 6684
850 7152
729 6340
799 7112
90 6851
822 6795
316 6467
105 6528
860 6522
8 6787
182 6377
292 6997
851 6053
884 6387
331 6260
233 6811
603 7034
564 6460
805 6885
893 7021
883 6518
522 6289
362 6673
691 6266
516 6358
201 7116
11 6145
734 6371
35 6302
156 6439
558 6914
430 6239
307 6950
89 6980
57 6789
274 6600
828 6232
451 6246
116 6592
672 7003
857 7140
732 6213
215 6891
68 6219
628 6988
92 6654
458 7140
568 6127
768 6968
76 6577
156 6267
23 7103
422 7107
800 6209
140 6311
774 6635
109 6843
526 6663
663 6800
602 6309
144 7077
240 6815
403 6611
292 6706
524 6007
54 6090
637 6273
75 7180
171 6237
105 6202
821 6287
254 6627
883 6533
450 6729
721 6360
799 6839
284 6962
89 6451
101 6934
433 6800
290 6445
226 6839
334 6925
491 6279
637 6207
240 6458
246 6880
823 6666
34 6760
372 7188
158 6890
148 6699
101 6987
867 6400
889 6855
516 6498
98 6640
533 7120
114 6952
555 6134
590 7153
887 6392
505 6418
718 6968
404 6461
878 6622
574 6287
797 6777
457 6712
141 6417
1 6588
557 6510
563 6841
159 6910
877 6746
206 6515
288 7131
402 6092
117 6637
98 6614
384 7196
649 6865
2 6512
313 6087
634 6657
656 7195
311 6718
491 7151
351 6880
27 6760
487 6970
613 6518
569 6452
314 6494
866 6137
680 6874
342 6605
316 7093
636 6099
192 6207
495 7021
595 6312
549 6533
50 6586
305 6444
102 6039
440 6162
163 6965
855 6309
495 6247
272 6557
7 7055
534 6887
445 6224
42 6448
51 6473
284 7029
47 6350
585 6889
688 6185
421 6375
123 7186
832 6456
437 6810
781 6454
388 6974
715 6306
208 6714
164 6324
112 6060
315 6833
734 6651
828 6689
879 7144
317 6146
378 6739
11 6263
303 6657
727 6661
438 7196
567 6223
645 7180
680 6464
875 6213
780 6554
502 6577
514 6428
672 7135
473 6697
196 6699
211 6535
659 6705
200 6757
425 6284
449 7153
195 6468
813 6936
60 6312
113 6079
619 6535
586 6498
735 6661
469 6347
222 7180
110 6869
810 6273
230 7057
121 6265
730 6889
254 6812
27 7011
760 6361
535 7001
431 6794
427 6503
345 6328
499 6132
810 6882
203 6868
763 6571
479 6604
808 6962
370 7080
344 6597
458 6843
353 6696
583 6053
608 6371
601 7081
798 6634
202 7055
180 7169
381 6119
464 6815
508 6512
36 6818
204 6360
182 7108
126 6612
537 6541
624 6194
367 6536
410 6397
672 6058
623 7057
142 6545
383 6128
541 6361
681 6341
844 6885
40 6198
733 7196
825 6543
869 6001
460 6861
564 7031
353 6231
44 7045
165 6100
575 6711
265 6297
818 6422
512 6082
739 6169
264 6900
667 6059
23 6752
841 6670
663 6314
245 6640
31 6906
44 6397
211 6802
339 6646
534 6354
66 7009
675 6521
623 6369
167 7149
539 6151
172 6285
61 7113
445 6132
68 6306
52 6720
290 6970
232 6196
522 6263
288 6971
717 6739
807 6223
284 6065
846 6905
525 6139
754 6329
33 6397
71 6536
893 6375
58 6539
251 6591
649 6731
795 6245
153 6019
801 6011
886 6490
581 6805
303 6802
122 6381
720 6208
367 6523
115 6525
132 6323
699 7148
635 6478
550 7037
78 6781
687 6465
756 7067
883 6927
874 6659
155 7095
176 6067
705 6597
436 6191
826 6743
466 6297
89 6578
808 7071
886 6371
872 6101
205 6130
732 6021
248 7195
10 6148
678 6512
856 6247
630 7145
421 6261
335 6510
201 6191
805 6246
749 6109
748 6065
358 6715
739 6003
592 7172
408 7025
618 6654
2 6817
705 6679
894 6237
456 6109
727 6617
541 6836
408 6150
317 6867
879 6101
145 6992
396 6864
434 6990
214 6501
890 7124
773 6932
799 6016
627 6043
592 6060
384 7200
38 6079
141 6175
436 6247
740 7061
378 6373
590 6716
630 6217
600 6791
480 6657
751 7169
103 6540
417 6929
828 6772
689 6273
595 6603
566 7167
457 6516
790 7171
681 6934
811 6258
97 6621
225 6883
847 6705
98 7168
594 6571
569 6335
311 6213
821 6433
749 6481
766 6458
884 6669
726 7043
525 6741
101 6573
157 6377
869 6759
381 6449
655 6449
852 6319
726 6081
103 6452
110 6614
629 7045
264 6796
197 6463
756 7071
297 6393
546 6436
80 6601
586 6004
751 6137
826 7050
659 6427
434 6511
438 7099
546 6323
621 7012
358 6703
849 6086
125 6505
365 6071
34 6040
150 6487
644 6521
347 6840
473 6209
160 6685
462 7188
654 6450
129 6357
441 7133
27 6990
820 6260
547 6259
540 6495
714 7090
400 6111
728 6141
432 6479
767 7180
881 6698
170 6684
519 6302
285 6301
576 6479
892 6891
736 6286
897 7082
766 7163
662 6184
274 6745
610 6941
843 6258
846 6774
539 6938
695 6163
620 6408
138 6877
141 6882
140 6284
25 7097
491 6104
608 6101
88 6431
808 7122
535 6038
398 6619
552 6659
557 6245
780 6090
174 6048
75 6023
796 7097
315 6092
674 6467
801 6539
363 6920
306 6742
344 7131
497 6708
361 6191
582 6903
833 6845
618 6844
699 6066
770 6995
413 6999
553 6816
434 6821
326 6448
145 6537
541 7200
371 6756
869 6971
377 7174
182 7090
390 6060
536 7041
6 6328
179 7168
544 6512
536 6711
309 6265
572 6933
114 6933
544 7059
450 6922
569 7108
23 7110
760 6672
179 6176
673 6753
190 6545
507 6973
90 6386
643 6838
597 6967
586 7119
654 6061
776 6240
7 6544
287 7083
766 6096
487 6303
519 6613
575 7053
593 6225
460 6713
443 6052
293 6803
292 6982
546 6631
218 6144
173 6546
380 6316
205 6999
206 6494
361 6369
169 6243
669 6201
811 6826
759 6969
807 6287
237 6418
321 7023
804 6123
497 6889
460 6396
854 6050
563 6314
526 6700
835 6115
598 6120
884 6652
250 6425
618 7113
14 6235
538 7166
115 7108
358 6323
389 6522
266 6877
529 7125
254 6715
682 6454
377 6957
272 6631
707 6492
460 6117
558 6486
334 6284
33 6761
560 6626
257 7138
282 6311
681 6518
803 6843
390 6896
519 6689
194 6140
333 7186
784 6932
7 6741
591 6138
623 6045
98 6213
625 7140
652 7199
14 7175
805 7070
319 6529
29 6529
574 6108
199 6366
540 6453
417 7097
728 6672
262 6583
591 6765
392 6564
612 6089
271 6594
898 6087
806 6884
524 6288
624 6266
72 6809
654 7085
271 6836
367 6989
71 6938
356 6744
414 6632
413 6574
695 6359
47 6419
75 6864
59 6309
337 6703
863 6943
65 6967
504 6750
597 6775
176 6321
53 7004
185 6822
333 6375
373 6578
396 6080
515 7153
527 6683
258 6656
51 6378
825 6758
31 6307
119 6010
870 6740
16 6161
559 6996
747 6071
573 6587
389 6544
685 6340
701 6063
166 6226
434 6023
605 6146
495 7024
69 6672
549 6429
312 7132
438 7051
794 6429
379 7164
894 6950
51 6309
70 7017
867 6517
632 6586
337 6871
75 7141
781 6841
319 6035
256 6718
148 6440
659 6993
19 6352
116 6204
518 6556
167 6375
513 6231
304 7108
877 6559
455 6123
314 6880
476 6706
600 7026
216 6847
433 6646
875 6497
433 6380
99 6380
797 6890
549 6707
477 7064
295 6362
600 6943
890 6316
50 6403
5 6635
546 7198
545 6775
172 6272
315 6273
220 7188
851 6656
823 6612
361 6532
833 6511
629 6072
536 7130
299 7149
317 6133
121 6581
168 6703
217 6973
652 6061
538 6991
48 6167
538 6599
159 6515
311 6932
279 6487
290 6017
220 7161
385 6613
111 6089
95 6776
561 6225
514 6487
868 6107
43 6281
430 6436
846 7171
175 6032
193 6760
304 6094
889 6325
748 7181
540 6589
626 6559
39 6945
745 6205
183 6370
7 6059
811 6089
477 6654
780 6887
717 6235
829 7128
626 7009
768 6478
848 6298
444 6411
171 6334
184 6719
426 6873
216 6787
671 6670
543 6548
169 7084
157 6644
148 6016
174 7006
128 6346
575 6121
860 6804
39 6527
825 6417
304 6462
744 6915
515 6766
268 6784
673 6596
412 6741
471 6310
867 6059
265 6448
256 6825
159 6375
77 6938
776 6173
830 6321
90 6068
679 6218
29 6661
122 6051
299 6307
210 6379
664 6732
617 7129
216 6544
798 6224
341 6197
34 6706
509 7082
160 6722
316 6443
448 7087
561 6516
58 6046
111 6554
382 6102
526 7174
245 6226
379 6355
257 6114
36 6058
766 6228
895 6859
638 6482
890 6735
78 6923
319 7196
445 7094
737 6105
184 6819
174 6595
327 6085
230 7087
516 6174
569 6832
761 7033
244 6379
778 7134
134 6169
483 6769
608 6494
371 6108
469 6200
614 6526
484 6521
56 7076
242 6505
850 6647
97 6949
528 6278
53 6764
448 6085
265 7052
87 6246
797 6937
605 7143
825 6542
454 6925
686 6023
134 6832
255 6637
776 7126
4 6643
266 7028
126 6786
672 7074
17 6592
463 7199
105 7014
216 6517
422 6337
570 6877
380 7112
216 6598
187 6272
478 6387
883 6749
525 6195
446 7003
84 6901
532 6572
538 6810
776 6386
806 6797
726 6814
298 6209
748 6250
227 6507
332 7093
220 6064
386 6925
377 6959
182 6369
286 6114
789 6183
136 6929
849 6508
558 6711
714 6026
168 6729
30 6863
305 7029
275 6892
87 7191
119 6890
603 6002
401 6660
816 7149
850 6897
819 7067
654 6384
541 7104
456 6010
42 6080
211 6594
598 6874
107 6784
884 6630
275 6814
452 6555
864 6498
376 7108
810 6926
407 6180
766 6916
126 6775
223 6110
848 6746
749 6845
35 6366
47 7040
135 6441
396 6424
455 6574
212 6873
810 6350
635 6596
456 6783
263 7043
217 6476
358 6435
113 6477
82 6537
524 6440
640 6575
627 7096
870 6318
176 7197
880 6048
79 6772
522 6630
446 6089
88 6151
470 6778
302 6698
538 7117
105 6246
460 6885
846 6072
798 6561
689 6406
782 6806
456 6418
809 6638
697 6608
592 6608
37 6843
732 6178
55 6484
684 6285
173 6685
888 6048
665 6261
92 7160
462 6165
853 7182
240 7035
100 6912
49 6100
445 6389
98 6512
69 7147
486 6512
95 6356
357 6099
603 7009
419 6130
536 6908
617 6344
736 7036
512 6598
898 6133
818 7078
859 6543
762 6062
116 6569
83 6615
127 6700
435 6207
891 6884
456 6124
741 6333
183 6834
149 6666
681 6214
298 6364
643 6324
200 6480
397 7038
210 6970
465 6902
119 6994
232 6431
521 6188
409 6030
898 6524
237 6902
322 6553
239 6997
349 6513
33 6377
219 6669
331 6599
280 7111
198 7005
679 7177
335 6358
302 6904
545 6990
784 6273
841 7191
550 7059
865 6235
106 6573
326 7122
44 6873
29 6823
85 6825
556 6182
286 6241
798 6185
31 7093
477 6500
472 7172
135 6877
20 6437
721 6832
571 6641
650 6673
95 6146
52 6787
639 6298
74 6297
320 7111
326 6971
389 6486
779 6875
837 7125
165 6073
194 6061
332 6564
340 6832
343 6801
214 6911
289 7121
400 7167
121 6398
594 6269
318 7094
592 6992
849 6428
150 7118
415 6155
46 6321
101 6220
587 6699
845 6106
32 6792
765 6084
82 6340
695 7171
3 6109
369 6172
824 6857
434 6936
139 6971
869 6626
520 7106
724 6129
477 6882
156 6327
400 6007
2 6249
190 7063
177 6800
576 6696
827 6366
896 6290
501 6325
406 6166
639 7189
108 7200
390 6133
244 6312
40 6916
759 6879
765 6608
101 6136
848 6855
411 6101
602 7004
748 6772
392 6508
145 6809
783 6977
135 6893
299 7047
353 6007
185 6461
153 6331
713 6926
195 6064
230 7088
117 7095
505 6909
74 6072
496 6225
345 6623
584 6211
355 6039
616 6952
768 6997
800 6483
671 6265
892 7185
140 6880
77 6917
158 7070
850 6223
264 6458
815 6547
457 6858
310 6759
836 6001
642 6812
805 6166
333 6273
852 6630
836 6164
429 6893
280 6955
385 6641
179 7138
568 7104
825 6709
688 6859
600 6225
652 6514
734 6470
580 6482
22 6271
748 6989
500 7173
656 6841
57 6337
203 6555
854 6353
127 6757
583 6589
180 7086
187 6810
182 6193
334 7086
388 7177
851 6629
762 6843
196 6564
447 6116
615 7084
408 7173
125 6737
879 6524
812 6236
695 6965
701 6989
226 6848
64 6725
205 6117
336 6259
69 7125
145 6110
522 6483
152 6018
468 6436
572 6574
91 6130
754 6589
211 6887
392 7092
308 7064
529 7148
244 6335
552 6559
370 7150
242 6729
38 7153
668 6919
227 6067
158 6787
787 6612
669 6483
549 6345
603 6270
599 6740
188 6816
11 7014
811 6288
279 6898
715 6320
748 6004
271 7093
415 6962
701 6169
329 6050
166 6173
421 6156
332 6818
747 6177
716 6937
416 6860
870 6905
603 6103
707 6258
486 7138
345 6384
833 6656
657 6178
526 6834
190 6507
545 6120
344 6697
126 7188
455 6292
141 6082
717 6009
305 6934
765 6360
145 6916
657 6458
791 6965
3 6199
409 6872
619 7191
368 6328
384 6055
511 6589
708 6303
433 6677
897 6385
847 6212
282 6020
156 6394
605 6483
53 6564
254 7072
694 6869
279 6412
122 6887
453 6091
252 7148
28 6163
354 6634
591 6118
179 6599
282 6817
767 6976
367 6692
694 6448
50 6178
230 6752
736 6571
4 6618
898 6745
1 6722
344 6263
588 6311
800 7161
859 7158
71 7128
143 6544
334 6108
264 6349
344 6399
53 6753
428 6559
8 6014
492 6884
637 6554
717 6452
204 6835
650 6339
500 6944
609 7071
602 7193
181 6299
310 7146
109 6281
24 6900
169 6702
477 6340
31 7169
808 6280
295 6388
848 7135
422 6726
315 6273
188 6375
117 6383
300 6494
81 7132
534 6552
276 6284
495 6866
288 6556
179 6616
182 7122
87 6623
42 7142
395 6912
102 6897
203 6630
370 7012
650 6011
775 6781
12 6861
823 6230
220 6231
804 6014
612 6925
559 6541
24 6775
554 7154
752 6674
645 6782
198 7011
502 6150
647 6430
364 7125
549 6774
149 6433
120 6646
138 6303
553 6495
838 6841
512 6259
425 6207
841 6097
428 6636
782 6578
442 7050
387 6756
493 6520
369 6292
417 6411
575 6177
724 7075
830 6719
699 6928
892 6794
859 6708
115 6603
704 6171
15 6960
538 7080
233 7158
653 7185
61 7002
626 6511
759 6289
774 6030
737 6757
791 6396
781 7025
269 6544
609 6894
755 6344
438 7199
165 6472
708 6985
865 6511
94 7112
781 6860
338 6062
862 6033
496 6397
167 6007
728 6295
383 6723
609 6676
665 6519
395 6516
557 7147
563 7189
407 6846
206 6791
60 6296
851 6334
658 6002
381 7000
733 6216
132 6592
723 6157
251 6034
739 6896
818 6624
266 6814
792 6900
402 6567
140 6087
448 7094
671 6673
847 6347
489 6929
609 6907
838 6832
446 6459
47 6290
155 6360
329 6701
504 7067
676 7084
605 6251
19 6374
365 6132
647 6907
700 6806
149 6686
164 6225
461 6665
878 6128
405 6862
150 6179
653 6106
470 6657
200 6207
634 6669
751 6050
105 6953
848 6817
667 6008
734 6569
596 6473
703 6103
449 6529
82 6350
400 6279
694 6313
300 6102
266 6561
733 6415
583 6017
388 6541
375 6776
751 6861
663 6830
732 6381
143 6795
264 6740
277 6549
850 7043
703 6328
772 6907
465 6394
557 7166
794 6415
295 7098
614 6619
603 7172
548 6327
479 6385
868 6166
659 6811
288 7175
651 7121
631 7101
824 7024
438 6478
441 6881
126 6137
192 6355
617 6092
269 6731
177 6517
786 6856
134 6567
620 6460
547 6831
489 6600
444 6375
498 6087
305 6426
298 6943
702 6585
720 6435
873 6190
14 6028
644 7024
623 6264
272 6934
222 7139
729 6031
95 6518
65 6081
569 6734
287 6657
468 7071
427 7010
778 6648
407 7169
305 7064
111 6321
442 6257
749 6674
16 6716
315 6920
98 6909
198 6025
647 6984
204 6934
820 6372
424 6222
82 6736
133 6223
105 6099
664 6718
19 6824
162 6153
733 6026
106 7116
465 6492
470 6401
683 6829
199 6555
13 7145
329 6084
37 6723
597 7141
620 7170
83 6455
565 6201
451 6760
442 6332
499 6096
655 6464
289 6452
877 6098
217 7098
345 6379
462 7166
348 6450
21 6452
557 6802
577 6224
417 6557
745 7187
250 6305
779 6054
479 7003
279 6044
611 6410
4 6659
449 6933
152 6715
131 6911
9 6106
5 6905
874 6111
155 6473
536 6645
797 6746
307 6746
260 6436
156 6769
426 6173
468 6678
782 6016
685 6384
504 6221
719 6875
825 6561
802 6790
324 6520
366 6682
516 6640
311 7053
714 6976
774 6454
365 6169
723 6274
334 6683
288 6133
223 6379
406 7141
119 6419
247 6756
657 6906
864 6908
600 6790
523 6880
196 6192
872 6832
305 7015
560 6477
116 6952
886 6270
12 6092
606 6099
795 7138
133 6648
865 6910
878 6588
124 7138
214 6914
89 6780
523 6567
62 6624
852 6102
573 6696
834 6841
431 6649
150 6336
128 7192
337 7014
534 6013
336 6962
267 6038
270 6188
37 6287
378 6337
504 6641
289 7129
719 7145
387 6918
635 6842
813 7055
206 6933
587 7151
737 6472
415 6776
647 6468
614 6539
513 6276
261 6060
610 7003
743 7105
81 6861
329 6668
746 6705
710 6074
842 6773
827 6682
243 6355
702 6258
587 6579
23 6094
686 6912
599 6875
274 6191
45 6292
199 6141
893 6618
412 6249
631 6377
96 6306
751 7000
560 6338
158 6241
51 6811
461 6178
187 6353
157 6371
840 7064
323 6234
351 6911
92 7195
701 7038
648 6611
879 6348
867 6663
664 6788
376 6393
385 6280
469 7131
149 7078
602 6199
129 6634
761 6462
9 6757
750 6015
31 6861
888 6730
351 6773
392 6326
461 7022
25 6960
319 6237
747 7125
834 6303
572 7009
826 6139
255 7177
268 6487
399 6470
796 6766
708 6691
363 6192
472 6682
231 6138
541 6201
220 6903
173 6282
469 6455
526 6899
51 6640
26 6252
313 6594
590 6639
13 6239
715 6725
714 7147
693 6702
883 7152
128 6016
622 6869
111 6485
812 6816
731 7198
497 7049
776 6925
67 6018
409 6753
784 6084
802 6083
367 6379
501 6305
650 6964
498 6056
186 6246
456 6791
851 6015
850 7058
687 6080
599 6500
791 6444
220 7113
871 6925
280 7131
715 6696
690 6075
87 6721
565 6274
697 6962
517 6969
756 6312
308 6214
751 7103
39 6871
542 6576
693 6196
85 6871
520 6080
446 6377
747 6416
363 6294
416 7184
589 7148
868 6354
723 7164
239 6488
170 6849
348 6980
797 6301
388 6446
344 7110
713 6582
280 7074
667 6410
461 6255
66 7002
620 7190
743 6650
180 6961
644 6584
535 6602
125 7102
96 6214
24 6570
867 6994
143 6941
874 6188
372 6705
891 6278
749 6991
212 7030
677 6159
353 7105
463 6416
688 7098
286 6955
617 6357
829 6499
321 6161
268 6752
85 7141
646 7117
711 6442
700 6302
468 6682
558 6246
18 6839
1 7016
539 6638
404 6396
671 6718
199 7044
290 6516
341 7071
62 6473
756 6014
12 6382
575 6838
885 6230
411 6261
39 6166
246 6936
855 6008
540 7020
293 6134
158 6036
402 6981
265 7019
286 6815
647 6314
622 6358
153 6764
184 6966
804 7072
220 6474
763 6958
737 6786
569 6926
756 6963
147 7173
472 6048
249 7089
488 6072
258 7096
9 6367
701 6428
198 6657
733 6561
812 6820
607 6754
897 6126
2 7153
238 7111
311 6013
781 7024
859 6761
72 6948
334 6779
386 7038
860 6514
601 7163
590 6012
710 6801
857 6886
413 6752
23 7125
188 6792
187 6293
289 6188
293 6672
641 6070
58 6226
564 6378
835 6762
379 6719
805 6963
817 6971
229 6339
233 7118
534 7140
510 6947
555 6561
888 6082
157 6547
410 6409
97 6574
745 6909
378 6325
660 7163
205 6565
9 6451
676 6289
615 6440
836 7017
35 6065
518 6208
604 6500
345 6110
150 7027
238 6804
103 6775
772 6526
889 6045
165 6941
814 7070
733 7190
540 6435
5 6453
427 7161
262 6726
242 6225
719 6997
666 6651
60 7188
649 6724
69 6733
566 6669
3 6777
624 6142
153 6705
515 6379
237 6035
293 6294
504 6407
462 6870
851 7009
35 6278
156 6634
609 6352
768 6779
154 6028
570 7065
279 6883
700 6743
362 7161
184 6136
834 6683
335 6405
616 6917
869 6622
868 6183
887 7188
321 6729
68 6998
489 6236
705 6106
688 7059
13 6079
159 6754
245 6208
804 7190
892 6907
608 6917
545 6707
444 6487
380 6420
832 7125
814 6581
162 6849
441 6786
465 6774
635 6762
800 6929
118 7174
733 6097
384 6796
442 6875
384 6579
788 6593
749 6919
270 7044
497 6911
751 6103
44 6813
178 6998
778 6854
106 6423
659 6643
798 6879
285 6871
466 6040
527 6530
59 6930
788 6261
828 6440
694 6919
13 6164
196 6392
428 6198
354 6644
50 7136
595 6170
187 6246
7 6045
9 6644
866 6442
666 6720
317 6107
196 7026
112 6188
656 6193
895 6493
782 6944
469 6711
672 6536
154 6402
810 7016
892 6229
525 7051
276 6271
54 6857
794 6279
44 7088
698 6591
780 6164
180 6543
345 6900
266 6159
741 6447
356 7171
635 7191
385 6222
585 6453
553 6641
711 6894
762 6227
876 7109
483 6629
525 6304
641 6550
636 7103
168 6997
71 6122
818 6341
181 6330
750 7030
308 6315
588 7073
859 6720
274 6404
74 6440
426 7119
580 6320
198 6590
168 6409
256 6856
839 7035
328 7175
317 6697
95 7097
214 6007
385 6326
524 7066
537 6595
338 7024
803 6503
622 7200
794 6924
421 7170
788 6680
42 6785
50 6348
94 6544
268 6189
444 6508
705 6257
646 6160
587 6156
622 7086
2 6396
219 6093
36 7042
130 6462
360 6658
552 6772
411 6540
827 6930
892 6172
461 6375
141 6703
815 6216
460 6455
870 6797
154 6368
414 6527
621 7156
193 6591
750 6044
118 6427
183 6137
677 6829
881 7058
770 6084
652 7006
687 6871
681 6900
139 7159
764 6257
573 6884
476 6298
390 6483
100 6323
602 6271
739 7023
616 7006
250 6648
295 7173
624 6481
595 7198
99 6203
217 6600
673 6117
296 6256
761 6168
296 6287
619 6433
76 6596
838 6048
318 6916
880 6705
321 6655
419 6248
626 6500
782 6707
803 6968
237 7115
378 6691
754 7147
405 6267
120 6499
342 6230
401 6847
576 6985
70 6820
834 6038
630 6843
44 7174
413 6498
152 6531
214 6718
198 6170
466 6165
863 6671
302 6364
262 6001
747 6460
765 6431
221 7002
563 6683
630 6631